    13     74    396 2016/2016_01_01-001.ann
    25    143    814 2016/2016_01_01-002.ann
    10     55    270 2016/2016_01_03-001.ann
     6     35    170 2016/2016_01_04-001.ann
    21    117    696 2016/2016_01_04-002.ann
     7     43    220 2016/2016_01_06-001.ann
    12     65    366 2016/2016_01_06-002.ann
    11     72    391 2016/2016_01_07-001.ann
    26    147    775 2016/2016_01_07-002.ann
    15     86    457 2016/2016_01_08-001.ann
    22    140    760 2016/2016_01_10-001.ann
    69    394   2400 2016/2016_01_10-002.ann
    17    102    532 2016/2016_01_10-003.ann
    12     69    329 2016/2016_01_11-001.ann
    43    258   1391 2016/2016_01_11-002.ann
     8     43    231 2016/2016_01_12-001.ann
     9     52    290 2016/2016_01_12-002.ann
    12     69    355 2016/2016_01_14-001.ann
     7     41    200 2016/2016_01_14-002.ann
     9     51    294 2016/2016_01_14-003.ann
    18    102    594 2016/2016_01_14-004.ann
     8     47    258 2016/2016_01_15-001.ann
    17    100    550 2016/2016_01_16-001.ann
    13     69    410 2016/2016_01_18-001.ann
     7     41    201 2016/2016_01_18-002.ann
    13     73    395 2016/2016_01_19-001.ann
    12     64    338 2016/2016_01_20-001.ann
     9     49    268 2016/2016_01_21-001.ann
    14     76    488 2016/2016_01_21-002.ann
    12     63    379 2016/2016_01_21-003.ann
    11     62    346 2016/2016_01_22-001.ann
     7     42    218 2016/2016_01_24-001.ann
    12     71    407 2016/2016_01_24-002.ann
    50    264   1505 2016/2016_01_24-003.ann
     9     57    343 2016/2016_01_25-001.ann
     3     20    103 2016/2016_01_25-002.ann
     8     44    241 2016/2016_01_25-003.ann
    13     81    529 2016/2016_01_26-001.ann
     8     49    275 2016/2016_01_27-001.ann
     7     40    198 2016/2016_01_28-001.ann
    12     68    351 2016/2016_01_28-002.ann
     3     19     94 2016/2016_01_29-001.ann
    63    336   2035 2016/2016_01_31-001.ann
    24    143    781 2016/2016_02_01-001.ann
    26    150    867 2016/2016_02_02-001.ann
    22    123    709 2016/2016_02_02-002.ann
    10     55    293 2016/2016_02_04-001.ann
    15     79    413 2016/2016_02_04-002.ann
     5     30    147 2016/2016_02_06-001.ann
     9     54    299 2016/2016_02_06-002.ann
    12     74    435 2016/2016_02_07-001.ann
    13     86    478 2016/2016_02_07-002.ann
    11     70    390 2016/2016_02_08-001.ann
    17     91    477 2016/2016_02_08-002.ann
     9     51    271 2016/2016_02_09-001.ann
    24    140    900 2016/2016_02_09-002.ann
    12     66    372 2016/2016_02_10-001.ann
     5     28    152 2016/2016_02_11-001.ann
     7     39    214 2016/2016_02_11-002.ann
     4     23    124 2016/2016_02_11-003.ann
     9     54    304 2016/2016_02_11-004.ann
    12     76    423 2016/2016_02_12-001.ann
    12     73    380 2016/2016_02_13-001.ann
     9     56    332 2016/2016_02_13-002.ann
     6     32    169 2016/2016_02_15-001.ann
    14     79    455 2016/2016_02_15-002.ann
    18    117    686 2016/2016_02_15-003.ann
    16     89    509 2016/2016_02_16-001.ann
    18    105    624 2016/2016_02_16-002.ann
     5     30    149 2016/2016_02_19-001.ann
    11     73    373 2016/2016_02_19-002.ann
    12     69    368 2016/2016_02_21-001.ann
     5     27    146 2016/2016_02_21-002.ann
    51    280   1682 2016/2016_02_21-003.ann
    11     64    350 2016/2016_02_22-001.ann
     8     46    261 2016/2016_02_23-001.ann
     8     42    213 2016/2016_02_23-002.ann
    12     67    351 2016/2016_02_24-001.ann
     8     49    277 2016/2016_02_25-001.ann
     9     57    297 2016/2016_02_28-001.ann
    12     73    372 2016/2016_02_28-002.ann
     7     38    211 2016/2016_02_28-003.ann
    14     74    392 2016/2016_03_01-001.ann
     7     39    212 2016/2016_03_01-002.ann
    14     77    422 2016/2016_03_04-001.ann
     5     30    138 2016/2016_03_05-001.ann
    36    217   1185 2016/2016_03_05-002.ann
     9     53    261 2016/2016_03_06-001.ann
     9     52    261 2016/2016_03_07-001.ann
    21    122    695 2016/2016_03_08-001.ann
    22    119    677 2016/2016_03_08-002.ann
     5     32    152 2016/2016_03_11-001.ann
     5     30    132 2016/2016_03_11-002.ann
     6     34    165 2016/2016_03_11-003.ann
     7     41    230 2016/2016_03_11-004.ann
    82    430   2503 2016/2016_03_12-001.ann
     6     32    157 2016/2016_03_13-001.ann
     7     45    254 2016/2016_03_13-002.ann
    55    301   1729 2016/2016_03_13-003.ann
     9     57    359 2016/2016_03_15-001.ann
    22    118    714 2016/2016_03_20-001.ann
     9     49    225 2016/2016_03_22-001.ann
    25    141    790 2016/2016_03_23-001.ann
     7     42    229 2016/2016_03_23-002.ann
    33    191   1103 2016/2016_03_24-001.ann
    11     63    345 2016/2016_03_24-002.ann
     9     57    315 2016/2016_03_24-003.ann
    14    100    519 2016/2016_03_26-001.ann
    14     78    416 2016/2016_03_26-002.ann
     9     48    275 2016/2016_03_27-001.ann
    11     68    327 2016/2016_03_28-001.ann
     6     41    218 2016/2016_03_28-002.ann
    12     69    354 2016/2016_03_29-001.ann
    10     60    321 2016/2016_03_29-002.ann
    11     62    324 2016/2016_03_29-003.ann
     8     47    253 2016/2016_03_30-001.ann
     7     40    200 2016/2016_03_30-002.ann
     8     46    228 2016/2016_03_30-003.ann
    19    118    698 2016/2016_03_30-004.ann
    16     88    522 2016/2016_03_30-005.ann
     4     22    111 2016/2016_03_31-001.ann
    11     61    334 2016/2016_03_31-002.ann
     6     34    159 2016/2016_03_31-003.ann
     8     56    326 2016/2016_04_03-001.ann
    12     71    450 2016/2016_04_03-002.ann
    27    162    918 2016/2016_04_03-003.ann
     8     52    302 2016/2016_04_04-001.ann
    19    112    639 2016/2016_04_05-001.ann
    19    101    544 2016/2016_04_07-001.ann
    40    213   1268 2016/2016_04_07-002.ann
    42    246   1363 2016/2016_04_09-001.ann
    27    144    839 2016/2016_04_10-001.ann
    12     76    412 2016/2016_04_15-001.ann
    11     70    337 2016/2016_04_15-002.ann
    15     86    436 2016/2016_04_18-001.ann
    26    160    910 2016/2016_04_18-002.ann
    12     68    364 2016/2016_04_19-001.ann
     5     29    158 2016/2016_04_19-002.ann
     8     44    213 2016/2016_04_21-001.ann
    10     54    292 2016/2016_04_25-001.ann
    12     72    407 2016/2016_04_29-001.ann
     5     27    143 2016/2016_05_01-001.ann
     7     37    197 2016/2016_05_02-001.ann
    13     77    418 2016/2016_05_02-002.ann
    18    103    531 2016/2016_05_03-001.ann
    23    139    762 2016/2016_05_04-001.ann
    15     87    493 2016/2016_05_04-002.ann
    24    146    831 2016/2016_05_08-001.ann
     9     63    311 2016/2016_05_08-002.ann
    29    160    881 2016/2016_05_11-001.ann
    29    160    895 2016/2016_05_12-001.ann
    11     60    315 2016/2016_05_12-002.ann
    13     81    444 2016/2016_05_14-001.ann
    26    156    842 2016/2016_05_14-002.ann
    44    237   1380 2016/2016_05_15-001.ann
    17     95    496 2016/2016_05_16-001.ann
     9     49    265 2016/2016_05_18-001.ann
    11     68    376 2016/2016_05_18-002.ann
     9     51    248 2016/2016_05_19-001.ann
    16     92    541 2016/2016_05_19-002.ann
     9     51    247 2016/2016_05_21-001.ann
    10     56    278 2016/2016_05_24-001.ann
    22    131    750 2016/2016_05_26-001.ann
     3     18     85 2016/2016_05_26-002.ann
     8     46    240 2016/2016_05_26-003.ann
     8     45    209 2016/2016_05_26-004.ann
    28    158    954 2016/2016_05_26-005.ann
    11     67    396 2016/2016_05_26-006.ann
    12     67    368 2016/2016_05_27-001.ann
    15     88    442 2016/2016_05_28-001.ann
    11     64    328 2016/2016_05_30-001.ann
    15     92    513 2016/2016_06_01-001.ann
    11     63    305 2016/2016_06_02-001.ann
    17     96    514 2016/2016_06_03-001.ann
     9     52    252 2016/2016_06_05-001.ann
    30    154    917 2016/2016_06_05-002.ann
     8     46    234 2016/2016_06_06-001.ann
     7     41    193 2016/2016_06_06-002.ann
    17     98    563 2016/2016_06_07-001.ann
     7     38    203 2016/2016_06_07-002.ann
    43    265   1471 2016/2016_06_07-003.ann
    41    250   1456 2016/2016_06_07-004.ann
     9     53    270 2016/2016_06_08-001.ann
    22    128    709 2016/2016_06_08-002.ann
    11     62    318 2016/2016_06_09-001.ann
    10     62    353 2016/2016_06_09-002.ann
    14     87    465 2016/2016_06_12-001.ann
    16     87    434 2016/2016_06_12-002.ann
     8     46    253 2016/2016_06_12-003.ann
    31    186   1017 2016/2016_06_12-004.ann
    21    125    736 2016/2016_06_12-005.ann
    40    220   1364 2016/2016_06_12-006.ann
    17     98    540 2016/2016_06_12-007.ann
     9     51    264 2016/2016_06_12-008.ann
    17     90    500 2016/2016_06_12-009.ann
    33    199   1140 2016/2016_06_12-010.ann
    39    203   1268 2016/2016_06_12-011.ann
    27    150    866 2016/2016_06_12-012.ann
   197   1013   5924 2016/2016_06_12-013.ann
     6     32    183 2016/2016_06_13-001.ann
    38    223   1203 2016/2016_06_13-002.ann
     4     22    107 2016/2016_06_14-001.ann
     7     42    202 2016/2016_06_14-002.ann
    11     71    454 2016/2016_06_14-003.ann
     8     44    232 2016/2016_06_14-004.ann
    12     70    363 2016/2016_06_14-005.ann
    25    135    805 2016/2016_06_14-006.ann
    41    232   1299 2016/2016_06_15-001.ann
    13     77    407 2016/2016_06_15-002.ann
    14     82    408 2016/2016_06_16-001.ann
    24    137    728 2016/2016_06_16-002.ann
    18    108    666 2016/2016_06_18-001.ann
     7     37    207 2016/2016_06_19-001.ann
    23    133    763 2016/2016_06_19-002.ann
    11     63    343 2016/2016_06_19-003.ann
    12     71    358 2016/2016_06_20-001.ann
    20    116    575 2016/2016_06_20-002.ann
     6     36    179 2016/2016_06_21-001.ann
     6     33    167 2016/2016_06_23-001.ann
     9     48    338 2016/2016_06_24-001.ann
     7     39    219 2016/2016_06_24-002.ann
    12     68    387 2016/2016_06_24-003.ann
    28    152    854 2016/2016_06_24-004.ann
    20    112    570 2016/2016_06_28-001.ann
    14     76    420 2016/2016_06_28-002.ann
    30    171    987 2016/2016_06_29-001.ann
     7     42    212 2016/2016_07_01-001.ann
    14     82    459 2016/2016_07_01-002.ann
     7     38    198 2016/2016_07_03-001.ann
     7     42    191 2016/2016_07_03-002.ann
    15     82    401 2016/2016_07_03-003.ann
    30    181    973 2016/2016_07_03-004.ann
    38    228   1177 2016/2016_07_03-005.ann
    14     77    409 2016/2016_07_04-001.ann
    46    290   1649 2016/2016_07_04-002.ann
    48    281   1626 2016/2016_07_04-003.ann
    37    222   1155 2016/2016_07_04-004.ann
    42    250   1285 2016/2016_07_05-001.ann
    49    296   1540 2016/2016_07_06-001.ann
    12     66    366 2016/2016_07_06-002.ann
    14     86    451 2016/2016_07_08-001.ann
    41    248   1275 2016/2016_07_08-002.ann
    16     96    531 2016/2016_07_09-001.ann
     5     29    143 2016/2016_07_09-002.ann
    49    267   1706 2016/2016_07_09-003.ann
    39    233   1217 2016/2016_07_09-004.ann
    40    238   1222 2016/2016_07_10-001.ann
    39    234   1205 2016/2016_07_12-001.ann
     6     33    173 2016/2016_07_13-001.ann
    39    233   1197 2016/2016_07_13-002.ann
     6     41    209 2016/2016_07_14-001.ann
    28    160    916 2016/2016_07_14-002.ann
    61    363   1912 2016/2016_07_14-003.ann
    14     77    442 2016/2016_07_15-001.ann
    38    230   1196 2016/2016_07_15-002.ann
    37    221   1197 2016/2016_07_16-001.ann
     4     22    121 2016/2016_07_17-001.ann
    33    192   1035 2016/2016_07_17-002.ann
     9     51    288 2016/2016_07_25-001.ann
     8     51    249 2016/2016_07_25-002.ann
    12     73    382 2016/2016_07_26-001.ann
     7     41    210 2016/2016_07_26-002.ann
    10     61    321 2016/2016_07_26-003.ann
    14     81    406 2016/2016_07_26-004.ann
    11     65    344 2016/2016_07_26-005.ann
    34    191   1132 2016/2016_07_26-006.ann
    12     67    366 2016/2016_07_29-001.ann
    48    275   1688 2016/2016_07_29-002.ann
    22    119    660 2016/2016_07_29-003.ann
    12     70    380 2016/2016_07_30-001.ann
    11     61    346 2016/2016_07_30-002.ann
    22    129    747 2016/2016_08_03-001.ann
    13     78    464 2016/2016_08_04-001.ann
     8     46    231 2016/2016_08_04-002.ann
    54    294   1636 2016/2016_08_04-003.ann
     8     46    252 2016/2016_08_05-001.ann
    19    112    542 2016/2016_08_05-002.ann
     8     44    228 2016/2016_08_06-001.ann
    12     68    390 2016/2016_08_06-002.ann
    12     73    366 2016/2016_08_06-003.ann
    20    120    630 2016/2016_08_06-004.ann
    14     92    487 2016/2016_08_06-005.ann
    12     72    343 2016/2016_08_06-006.ann
    12     77    447 2016/2016_08_06-007.ann
     8     45    229 2016/2016_08_07-001.ann
    10     61    293 2016/2016_08_07-002.ann
    11     73    380 2016/2016_08_07-003.ann
    11     63    318 2016/2016_08_07-004.ann
     9     54    262 2016/2016_08_07-005.ann
     9     53    264 2016/2016_08_07-006.ann
    10     58    283 2016/2016_08_07-007.ann
    16     95    510 2016/2016_08_08-001.ann
    67    346   2000 2016/2016_08_08-002.ann
    10     57    290 2016/2016_08_08-003.ann
    10     58    289 2016/2016_08_08-004.ann
    11     63    318 2016/2016_08_09-001.ann
    13     75    386 2016/2016_08_09-002.ann
     5     32    141 2016/2016_08_09-003.ann
     8     51    246 2016/2016_08_09-004.ann
    10     61    303 2016/2016_08_09-005.ann
    10     60    299 2016/2016_08_09-006.ann
    10     61    285 2016/2016_08_09-007.ann
     7     44    207 2016/2016_08_10-001.ann
     9     52    261 2016/2016_08_10-002.ann
    12     70    348 2016/2016_08_10-003.ann
    15     84    437 2016/2016_08_10-004.ann
    12     71    381 2016/2016_08_11-001.ann
     7     44    213 2016/2016_08_12-001.ann
    11     67    336 2016/2016_08_12-002.ann
    10     52    277 2016/2016_08_13-001.ann
    19    109    577 2016/2016_08_13-002.ann
    10     62    306 2016/2016_08_13-003.ann
    18    103    550 2016/2016_08_14-001.ann
    11     64    321 2016/2016_08_14-002.ann
    14     81    432 2016/2016_08_14-003.ann
    14     75    390 2016/2016_08_14-004.ann
     9     55    276 2016/2016_08_14-005.ann
    15     91    480 2016/2016_08_14-006.ann
    61    357   2045 2016/2016_08_15-001.ann
    12     75    402 2016/2016_08_15-002.ann
     9     57    276 2016/2016_08_15-003.ann
    15     88    420 2016/2016_08_15-004.ann
    11     59    312 2016/2016_08_16-001.ann
    15     81    428 2016/2016_08_16-002.ann
     9     47    268 2016/2016_08_17-001.ann
    14     83    447 2016/2016_08_17-002.ann
    23    139    733 2016/2016_08_17-003.ann
    26    156    868 2016/2016_08_18-001.ann
    25    150    835 2016/2016_08_19-001.ann
     9     55    267 2016/2016_08_19-002.ann
    14     83    416 2016/2016_08_19-003.ann
     9     54    268 2016/2016_08_20-001.ann
    17     95    517 2016/2016_08_20-002.ann
    34    201   1132 2016/2016_08_20-003.ann
    24    133    674 2016/2016_08_20-004.ann
     7     44    221 2016/2016_08_20-005.ann
    15     82    416 2016/2016_08_20-006.ann
    16     91    478 2016/2016_08_21-001.ann
     8     48    214 2016/2016_08_21-002.ann
    14     86    492 2016/2016_08_22-001.ann
    17     98    472 2016/2016_08_22-002.ann
     6     41    190 2016/2016_08_23-001.ann
    20    117    689 2016/2016_08_23-002.ann
    14     82    409 2016/2016_08_23-003.ann
     8     46    244 2016/2016_08_24-001.ann
     4     25    110 2016/2016_08_24-002.ann
    10     55    304 2016/2016_08_24-003.ann
     6     38    203 2016/2016_08_25-001.ann
     2     12     56 2016/2016_08_25-002.ann
     8     46    256 2016/2016_08_27-001.ann
     4     22    109 2016/2016_08_27-002.ann
    13     70    381 2016/2016_08_27-003.ann
     3     20     92 2016/2016_08_30-001.ann
    10     56    312 2016/2016_08_30-002.ann
    11     63    341 2016/2016_08_30-003.ann
    17     96    562 2016/2016_08_30-004.ann
    37    212   1215 2016/2016_08_30-005.ann
     5     27    132 2016/2016_08_31-001.ann
     9     49    261 2016/2016_08_31-002.ann
    17     99    560 2016/2016_08_31-003.ann
    15     88    483 2016/2016_09_01-001.ann
    13     75    416 2016/2016_09_01-002.ann
    24    148    820 2016/2016_09_01-003.ann
     6     33    172 2016/2016_09_02-001.ann
     9     50    275 2016/2016_09_02-002.ann
     8     43    218 2016/2016_09_02-003.ann
    25    155    870 2016/2016_09_02-004.ann
    14     72    339 2016/2016_09_03-001.ann
     5     32    173 2016/2016_09_03-002.ann
    14     84    423 2016/2016_09_03-003.ann
    36    203   1103 2016/2016_09_03-004.ann
    38    227   1285 2016/2016_09_03-005.ann
    26    141    793 2016/2016_09_03-006.ann
    36    218   1296 2016/2016_09_04-001.ann
     9     49    269 2016/2016_09_05-001.ann
    11     63    351 2016/2016_09_05-002.ann
    10     55    301 2016/2016_09_05-003.ann
    52    281   1438 2016/2016_09_08-001.ann
    20    114    647 2016/2016_09_09-001.ann
    12     75    384 2016/2016_09_10-001.ann
    12     63    324 2016/2016_09_11-001.ann
     8     43    223 2016/2016_09_14-001.ann
     5     27    137 2016/2016_09_14-002.ann
     7     41    208 2016/2016_09_17-001.ann
    29    164    911 2016/2016_09_17-002.ann
     7     39    219 2016/2016_09_17-003.ann
    13     77    427 2016/2016_09_17-004.ann
    43    248   1408 2016/2016_09_18-001.ann
    43    240   1566 2016/2016_09_19-001.ann
    18    105    567 2016/2016_09_20-001.ann
    47    249   1379 2016/2016_09_21-001.ann
    23    129    659 2016/2016_09_22-001.ann
    30    184   1073 2016/2016_09_24-001.ann
     4     22    116 2016/2016_09_24-002.ann
    32    176   1015 2016/2016_09_25-001.ann
    53    289   1783 2016/2016_09_25-002.ann
    11     65    319 2016/2016_09_26-001.ann
    28    155    902 2016/2016_09_27-001.ann
     7     37    196 2016/2016_09_28-001.ann
     4     25    143 2016/2016_09_28-002.ann
    13     72    391 2016/2016_09_30-001.ann
    14     79    472 2016/2016_10_01-001.ann
    16     84    498 2016/2016_10_01-002.ann
     3     19    102 2016/2016_10_01-003.ann
     6     34    168 2016/2016_10_03-001.ann
    14     84    470 2016/2016_10_04-001.ann
    16     86    496 2016/2016_10_05-001.ann
    15     90    479 2016/2016_10_05-002.ann
    11     59    320 2016/2016_10_06-001.ann
    17     94    521 2016/2016_10_06-002.ann
     9     55    258 2016/2016_10_07-001.ann
     7     41    211 2016/2016_10_09-001.ann
     6     35    193 2016/2016_10_09-002.ann
    20    124    647 2016/2016_10_09-003.ann
    68    393   2227 2016/2016_10_10-001.ann
    17    105    573 2016/2016_10_10-002.ann
    14     80    440 2016/2016_10_11-001.ann
     8     46    253 2016/2016_10_12-001.ann
    25    156    934 2016/2016_10_13-001.ann
    16     83    455 2016/2016_10_13-002.ann
     1      7     30 2016/2016_10_13-003.ann
    29    173   1039 2016/2016_10_13-004.ann
    13     78    420 2016/2016_10_14-001.ann
    15     93    549 2016/2016_10_14-002.ann
    17     97    548 2016/2016_10_14-003.ann
    62    352   2204 2016/2016_10_15-001.ann
    20    115    642 2016/2016_10_15-002.ann
    27    157    850 2016/2016_10_15-003.ann
    20    111    654 2016/2016_10_15-004.ann
     4     27    163 2016/2016_10_16-001.ann
    27    166   1016 2016/2016_10_16-002.ann
    10     55    290 2016/2016_10_17-001.ann
    16     94    530 2016/2016_10_17-002.ann
    17     95    535 2016/2016_10_17-003.ann
    12     64    367 2016/2016_10_17-004.ann
     9     59    384 2016/2016_10_17-005.ann
    18     99    571 2016/2016_10_18-001.ann
    29    159    933 2016/2016_10_18-002.ann
    14     86    436 2016/2016_10_19-001.ann
    18    108    583 2016/2016_10_20-001.ann
    19    107    589 2016/2016_10_21-001.ann
    14     79    443 2016/2016_10_23-001.ann
     5     29    157 2016/2016_10_24-001.ann
     7     38    190 2016/2016_10_24-002.ann
    18     99    505 2016/2016_10_24-003.ann
    30    165    886 2016/2016_10_24-004.ann
    16     95    569 2016/2016_10_24-005.ann
    10     54    268 2016/2016_10_24-006.ann
    11     69    399 2016/2016_10_25-001.ann
     9     57    295 2016/2016_10_25-002.ann
    12     76    465 2016/2016_10_25-003.ann
     6     45    215 2016/2016_10_26-001.ann
    39    223   1369 2016/2016_10_27-001.ann
    13     77    446 2016/2016_10_30-001.ann
    11     62    375 2016/2016_10_30-002.ann
    20    114    667 2016/2016_10_30-003.ann
    18     97    541 2016/2016_10_30-004.ann
    14     79    426 2016/2016_10_30-005.ann
     4     23    122 2016/2016_10_30-006.ann
    17     89    407 2016/2016_11_01-001.ann
    37    212   1235 2016/2016_11_01-002.ann
    15    106    631 2016/2016_11_02-001.ann
    17     90    477 2016/2016_11_03-001.ann
    26    164    959 2016/2016_11_04-001.ann
     9     55    316 2016/2016_11_07-001.ann
    25    154    961 2016/2016_11_07-002.ann
    14     79    428 2016/2016_11_08-001.ann
     6     33    180 2016/2016_11_08-002.ann
    15     88    463 2016/2016_11_08-003.ann
     5     30    143 2016/2016_11_08-004.ann
    43    248   1404 2016/2016_11_08-005.ann
    10     61    318 2016/2016_11_09-001.ann
    12     74    390 2016/2016_11_10-001.ann
    11     65    355 2016/2016_11_11-001.ann
    13     70    380 2016/2016_11_11-002.ann
     6     36    169 2016/2016_11_12-001.ann
    17    103    586 2016/2016_11_12-002.ann
     1      7     31 2016/2016_11_13-001.ann
    12     68    370 2016/2016_11_13-002.ann
     4     24    150 2016/2016_11_14-001.ann
     7     38    200 2016/2016_11_14-002.ann
    13     67    400 2016/2016_11_14-003.ann
     7     41    221 2016/2016_11_14-004.ann
    12     70    375 2016/2016_11_15-001.ann
     7     38    195 2016/2016_11_15-002.ann
    20    126    723 2016/2016_11_15-003.ann
    12     64    374 2016/2016_11_15-004.ann
    28    161    992 2016/2016_11_16-001.ann
    15     87    504 2016/2016_11_16-002.ann
     9     52    308 2016/2016_11_17-001.ann
    24    139    821 2016/2016_11_19-001.ann
    26    139    796 2016/2016_11_19-002.ann
     9     49    237 2016/2016_11_20-001.ann
    11     68    359 2016/2016_11_20-002.ann
     4     23    113 2016/2016_11_20-003.ann
    20    123    664 2016/2016_11_20-004.ann
    10     56    283 2016/2016_11_20-005.ann
    37    198   1180 2016/2016_11_23-001.ann
    10     58    347 2016/2016_11_23-002.ann
     3     20    110 2016/2016_11_24-001.ann
    22    126    718 2016/2016_11_24-002.ann
    13     72    408 2016/2016_11_24-003.ann
    13     83    496 2016/2016_11_24-004.ann
    16     89    506 2016/2016_11_24-005.ann
    14     78    419 2016/2016_11_25-001.ann
    18     97    542 2016/2016_11_26-001.ann
     9     48    246 2016/2016_11_26-002.ann
    15     89    447 2016/2016_11_26-003.ann
    10     60    314 2016/2016_11_27-001.ann
     3     17     87 2016/2016_11_28-001.ann
     9     47    249 2016/2016_11_29-001.ann
    17    100    549 2016/2016_11_30-001.ann
     6     36    195 2016/2016_11_30-002.ann
    10     61    328 2016/2016_12_01-001.ann
    28    160    907 2016/2016_12_02-001.ann
    30    172   1005 2016/2016_12_02-002.ann
     6     33    157 2016/2016_12_04-001.ann
     7     37    209 2016/2016_12_04-002.ann
     3     20     94 2016/2016_12_04-003.ann
    14     90    492 2016/2016_12_04-004.ann
    11     63    347 2016/2016_12_05-001.ann
    23    134    811 2016/2016_12_05-002.ann
    37    211   1267 2016/2016_12_05-003.ann
    28    166    919 2016/2016_12_06-001.ann
    12     65    364 2016/2016_12_07-001.ann
     7     40    202 2016/2016_12_07-002.ann
    16     93    515 2016/2016_12_08-001.ann
     7     37    183 2016/2016_12_08-002.ann
    12     69    401 2016/2016_12_09-001.ann
    18     96    533 2016/2016_12_09-002.ann
     9     53    271 2016/2016_12_10-001.ann
    10     55    326 2016/2016_12_11-001.ann
    48    260   1562 2016/2016_12_12-001.ann
     8     47    233 2016/2016_12_15-001.ann
     4     22    105 2016/2016_12_16-001.ann
    23    141    846 2016/2016_12_17-001.ann
    21    126    705 2016/2016_12_17-002.ann
    17     96    562 2016/2016_12_17-003.ann
    10     56    308 2016/2016_12_17-004.ann
    29    173    993 2016/2016_12_17-005.ann
    32    183   1120 2016/2016_12_18-001.ann
    10     60    307 2016/2016_12_19-001.ann
    10     54    280 2016/2016_12_19-002.ann
    10     59    327 2016/2016_12_19-003.ann
    14     74    439 2016/2016_12_19-004.ann
    11     58    292 2016/2016_12_20-001.ann
     9     53    341 2016/2016_12_20-002.ann
    13     82    482 2016/2016_12_21-001.ann
    11     60    263 2016/2016_12_21-002.ann
    51    272   1621 2016/2016_12_21-003.ann
    12     69    367 2016/2016_12_22-001.ann
    18     99    526 2016/2016_12_23-001.ann
     8     48    252 2016/2016_12_25-001.ann
    14     82    442 2016/2016_12_25-002.ann
     8     47    241 2016/2016_12_26-001.ann
    11     64    341 2016/2016_12_26-002.ann
    19    107    536 2016/2016_12_27-001.ann
    11     62    301 2016/2016_12_28-001.ann
     6     36    181 2016/2016_12_29-001.ann
     9     53    278 2016/2016_12_29-002.ann
     6     36    193 2016/2016_12_29-003.ann
    29    155    932 2016/2016_12_29-004.ann
     6     33    165 2016/2016_12_30-001.ann
     4     24    118 2016/2016_12_30-002.ann
    10     56    297 2016/2016_12_30-003.ann
     8     49    274 2016/2016_12_30-004.ann
    11     58    300 2016/2016_12_30-005.ann
    10     57    288 2016/2016_12_30-006.ann
    12     70    371 2016/2016_12_31-001.ann
    11     64    355 2016/2016_12_31-002.ann
    11     64    349 2016/2016_12_31-003.ann
  9443  54329 300935 total
    13     74    368 2017/2017_01_01-001.ann
    12     70    353 2017/2017_01_01-002.ann
     9     54    299 2017/2017_01_05-001.ann
    12     70    359 2017/2017_01_05-002.ann
    24    136    812 2017/2017_01_05-003.ann
     8     47    243 2017/2017_01_06-001.ann
    21    129    747 2017/2017_01_08-001.ann
    12     65    297 2017/2017_01_08-002.ann
    23    139    768 2017/2017_01_08-003.ann
    18     99    519 2017/2017_01_08-004.ann
    10     57    307 2017/2017_01_08-005.ann
     9     52    258 2017/2017_01_09-001.ann
    22    125    715 2017/2017_01_09-002.ann
    20    108    639 2017/2017_01_10-001.ann
     9     59    308 2017/2017_01_11-001.ann
    47    252   1533 2017/2017_01_12-001.ann
    14     75    385 2017/2017_01_12-002.ann
    18    101    578 2017/2017_01_12-003.ann
     4     23    115 2017/2017_01_13-001.ann
     8     47    233 2017/2017_01_13-002.ann
    22    118    655 2017/2017_01_13-003.ann
    11     60    288 2017/2017_01_13-004.ann
     9     51    287 2017/2017_01_13-005.ann
     8     45    262 2017/2017_01_14-001.ann
     8     50    269 2017/2017_01_14-002.ann
    19    112    639 2017/2017_01_15-001.ann
    22    126    747 2017/2017_01_16-001.ann
    17     97    538 2017/2017_01_16-002.ann
     7     40    233 2017/2017_01_17-001.ann
    50    286   1802 2017/2017_01_17-002.ann
    67    371   2221 2017/2017_01_17-003.ann
     9     49    245 2017/2017_01_18-001.ann
    10     60    293 2017/2017_01_19-001.ann
    11     63    372 2017/2017_01_20-001.ann
    10     59    298 2017/2017_01_20-002.ann
    10     56    314 2017/2017_01_20-003.ann
    24    136    761 2017/2017_01_20-004.ann
    21    117    632 2017/2017_01_20-005.ann
    10     55    289 2017/2017_01_21-001.ann
     7     37    222 2017/2017_01_21-002.ann
     6     35    170 2017/2017_01_21-003.ann
     8     44    236 2017/2017_01_21-004.ann
    60    315   1874 2017/2017_01_21-005.ann
    14     81    456 2017/2017_01_21-006.ann
    76    427   2398 2017/2017_01_21-007.ann
    13     89    564 2017/2017_01_21-008.ann
     6     34    160 2017/2017_01_21-009.ann
    15     93    547 2017/2017_01_21-010.ann
    23    138    800 2017/2017_01_21-011.ann
    12     74    375 2017/2017_01_21-012.ann
    12     68    379 2017/2017_01_22-001.ann
     5     28    139 2017/2017_01_22-002.ann
     8     48    247 2017/2017_01_22-003.ann
    24    128    764 2017/2017_01_22-004.ann
    35    208   1226 2017/2017_01_22-005.ann
    31    177    994 2017/2017_01_22-006.ann
     7     40    191 2017/2017_01_23-001.ann
     8     45    226 2017/2017_01_23-002.ann
     2     12     61 2017/2017_01_23-003.ann
     7     43    238 2017/2017_01_23-004.ann
    11     65    326 2017/2017_01_23-005.ann
    36    203   1078 2017/2017_01_23-006.ann
    61    317   1998 2017/2017_01_23-007.ann
    14     82    421 2017/2017_01_24-001.ann
     9     51    254 2017/2017_01_24-002.ann
     7     42    240 2017/2017_01_24-003.ann
    17     88    470 2017/2017_01_24-004.ann
    23    130    696 2017/2017_01_24-005.ann
    30    169    964 2017/2017_01_24-006.ann
     7     39    199 2017/2017_01_25-001.ann
     3     21    105 2017/2017_01_25-002.ann
    10     67    386 2017/2017_01_25-003.ann
    10     59    361 2017/2017_01_25-004.ann
    20    113    618 2017/2017_01_25-005.ann
    16     88    521 2017/2017_01_25-006.ann
    43    252   1442 2017/2017_01_26-001.ann
     6     33    178 2017/2017_01_26-002.ann
     9     54    304 2017/2017_01_27-001.ann
    52    292   1720 2017/2017_01_27-002.ann
    10     56    305 2017/2017_01_28-001.ann
    17     96    511 2017/2017_01_28-002.ann
    14     76    446 2017/2017_01_28-003.ann
    41    255   1408 2017/2017_01_28-004.ann
    21    117    617 2017/2017_01_28-005.ann
    16     89    485 2017/2017_01_28-006.ann
    37    224   1320 2017/2017_01_28-007.ann
    23    122    687 2017/2017_01_28-008.ann
    32    190   1024 2017/2017_01_29-001.ann
    13     89    528 2017/2017_01_30-001.ann
    10     56    287 2017/2017_01_31-001.ann
    23    130    737 2017/2017_01_31-002.ann
    17     97    519 2017/2017_01_31-003.ann
    10     62    333 2017/2017_01_31-004.ann
    11     61    342 2017/2017_01_31-005.ann
    11     60    315 2017/2017_02_01-001.ann
    14     88    521 2017/2017_02_01-002.ann
   126    718   4421 2017/2017_02_01-003.ann
    23    121    736 2017/2017_02_01-004.ann
     9     51    274 2017/2017_02_02-001.ann
    22    129    754 2017/2017_02_02-002.ann
     7     44    261 2017/2017_02_03-001.ann
    30    171   1035 2017/2017_02_03-002.ann
    13     72    393 2017/2017_02_04-001.ann
    23    129    704 2017/2017_02_04-002.ann
    61    314   1895 2017/2017_02_05-001.ann
    11     64    383 2017/2017_02_07-001.ann
    30    167    960 2017/2017_02_08-001.ann
     5     27    124 2017/2017_02_08-002.ann
     5     29    145 2017/2017_02_08-003.ann
     4     22    132 2017/2017_02_08-004.ann
    17     95    491 2017/2017_02_08-005.ann
    15     93    550 2017/2017_02_08-006.ann
    54    317   1863 2017/2017_02_08-007.ann
    10     52    271 2017/2017_02_09-001.ann
     5     30    167 2017/2017_02_09-002.ann
    30    180   1047 2017/2017_02_10-001.ann
    15     94    583 2017/2017_02_10-002.ann
    42    240   1472 2017/2017_02_10-003.ann
    13     75    379 2017/2017_02_11-001.ann
    53    290   1727 2017/2017_02_11-002.ann
    18    112    650 2017/2017_02_11-003.ann
    18    104    619 2017/2017_02_12-001.ann
    12     68    341 2017/2017_02_13-001.ann
    28    159    847 2017/2017_02_13-002.ann
    24    129    754 2017/2017_02_15-001.ann
    25    137    856 2017/2017_02_15-002.ann
    46    251   1443 2017/2017_02_15-003.ann
     8     46    236 2017/2017_02_16-001.ann
    20    111    643 2017/2017_02_16-002.ann
   103    563   3397 2017/2017_02_16-003.ann
    13     80    474 2017/2017_02_17-001.ann
    26    146    856 2017/2017_02_17-002.ann
    10     55    301 2017/2017_02_18-001.ann
    27    150    799 2017/2017_02_18-002.ann
    24    139    770 2017/2017_02_19-001.ann
    29    176    993 2017/2017_02_20-001.ann
    41    222   1262 2017/2017_02_20-002.ann
     7     42    204 2017/2017_02_21-001.ann
     3     19     96 2017/2017_02_21-002.ann
    14     77    377 2017/2017_02_22-001.ann
    13     75    421 2017/2017_02_22-002.ann
    20    113    629 2017/2017_02_22-003.ann
    21    115    670 2017/2017_02_23-001.ann
    10     54    285 2017/2017_02_24-001.ann
    26    138    789 2017/2017_02_24-002.ann
     8     44    230 2017/2017_02_24-003.ann
    10     63    319 2017/2017_02_24-004.ann
    64    329   2005 2017/2017_02_25-001.ann
     7     42    208 2017/2017_03_01-001.ann
    12     71    374 2017/2017_03_02-001.ann
    23    131    683 2017/2017_03_05-001.ann
    50    286   1563 2017/2017_03_05-002.ann
    20    113    582 2017/2017_03_05-003.ann
    17     92    510 2017/2017_03_05-004.ann
    15     90    531 2017/2017_03_06-001.ann
    18     95    535 2017/2017_03_06-002.ann
     6     33    175 2017/2017_03_07-001.ann
     9     49    268 2017/2017_03_08-001.ann
    39    216   1255 2017/2017_03_08-002.ann
     4     24    110 2017/2017_03_08-003.ann
    10     60    335 2017/2017_03_10-001.ann
    11     58    328 2017/2017_03_11-001.ann
    13     84    449 2017/2017_03_11-002.ann
     2     12     46 2017/2017_03_11-003.ann
     9     52    265 2017/2017_03_11-004.ann
    16     83    407 2017/2017_03_11-005.ann
    24    127    758 2017/2017_03_11-006.ann
     8     51    267 2017/2017_03_12-001.ann
     5     31    176 2017/2017_03_12-002.ann
     6     37    193 2017/2017_03_12-003.ann
    20    112    616 2017/2017_03_12-004.ann
    45    259   1562 2017/2017_03_12-005.ann
    13     72    378 2017/2017_03_12-006.ann
    12     69    410 2017/2017_03_12-007.ann
    63    357   2060 2017/2017_03_12-008.ann
    17     95    525 2017/2017_03_12-009.ann
    36    209   1262 2017/2017_03_12-010.ann
    36    216   1403 2017/2017_03_15-001.ann
    14     78    403 2017/2017_03_15-002.ann
    12     69    361 2017/2017_03_15-003.ann
    20    108    565 2017/2017_03_15-004.ann
    16     84    497 2017/2017_03_15-005.ann
     6     34    187 2017/2017_03_17-001.ann
    25    139    767 2017/2017_03_17-002.ann
    27    150    922 2017/2017_03_17-003.ann
    16     96    547 2017/2017_03_18-001.ann
    11     66    341 2017/2017_03_18-002.ann
    11     61    369 2017/2017_03_18-003.ann
    14     79    389 2017/2017_03_19-001.ann
     4     24    110 2017/2017_03_19-002.ann
     6     34    171 2017/2017_03_19-003.ann
     8     43    223 2017/2017_03_19-004.ann
    33    178   1008 2017/2017_03_19-005.ann
    10     60    307 2017/2017_03_19-006.ann
    12     66    339 2017/2017_03_19-007.ann
    19    109    544 2017/2017_03_21-001.ann
    67    363   2117 2017/2017_03_21-002.ann
    26    152    865 2017/2017_03_21-003.ann
    10     59    299 2017/2017_03_21-004.ann
    20    117    657 2017/2017_03_21-005.ann
    15     82    487 2017/2017_03_21-006.ann
    34    195   1121 2017/2017_03_22-001.ann
    33    178   1028 2017/2017_03_22-002.ann
    74    412   2432 2017/2017_03_22-003.ann
     8     45    257 2017/2017_03_23-001.ann
    29    161    907 2017/2017_03_23-002.ann
    21    117    709 2017/2017_03_23-003.ann
    20    112    628 2017/2017_03_23-004.ann
    49    264   1612 2017/2017_03_24-001.ann
    39    207   1217 2017/2017_03_25-001.ann
    46    258   1499 2017/2017_03_25-002.ann
    36    202   1122 2017/2017_03_25-003.ann
    13     75    414 2017/2017_03_25-004.ann
    21    126    695 2017/2017_03_26-001.ann
     7     38    200 2017/2017_03_26-002.ann
    25    143    861 2017/2017_03_26-003.ann
    15     86    498 2017/2017_03_28-001.ann
    10     59    298 2017/2017_03_29-001.ann
     8     42    226 2017/2017_03_29-002.ann
     8     47    250 2017/2017_03_29-003.ann
    16     92    481 2017/2017_03_29-004.ann
    10     59    309 2017/2017_03_29-005.ann
    14     75    394 2017/2017_03_30-001.ann
    24    136    796 2017/2017_03_31-001.ann
     7     38    212 2017/2017_04_01-001.ann
    35    187   1133 2017/2017_04_01-002.ann
     5     27    147 2017/2017_04_01-003.ann
     7     45    249 2017/2017_04_01-004.ann
    13     70    404 2017/2017_04_02-001.ann
    12     66    365 2017/2017_04_02-002.ann
     8     47    228 2017/2017_04_02-003.ann
    23    125    687 2017/2017_04_02-004.ann
    20    106    631 2017/2017_04_02-005.ann
     7     39    201 2017/2017_04_02-006.ann
    16    100    490 2017/2017_04_02-007.ann
    12     69    390 2017/2017_04_03-001.ann
    16     95    550 2017/2017_04_04-001.ann
    20    106    554 2017/2017_04_05-001.ann
    23    126    733 2017/2017_04_06-001.ann
    14     78    451 2017/2017_04_06-002.ann
    12     72    398 2017/2017_04_06-003.ann
    25    139    791 2017/2017_04_06-004.ann
    18    100    592 2017/2017_04_07-001.ann
    11     62    346 2017/2017_04_08-001.ann
    11     62    326 2017/2017_04_08-002.ann
    22    132    686 2017/2017_04_08-003.ann
     9     52    272 2017/2017_04_08-004.ann
    17     98    552 2017/2017_04_08-005.ann
    37    204   1152 2017/2017_04_09-001.ann
    34    192   1114 2017/2017_04_10-001.ann
    16     89    514 2017/2017_04_11-001.ann
    11     71    409 2017/2017_04_12-001.ann
    22    129    837 2017/2017_04_12-002.ann
    11     59    310 2017/2017_04_12-003.ann
    20    118    639 2017/2017_04_12-004.ann
    23    137    792 2017/2017_04_13-001.ann
    19    111    631 2017/2017_04_13-002.ann
     9     56    304 2017/2017_04_13-003.ann
    14     80    396 2017/2017_04_15-001.ann
     4     22    116 2017/2017_04_15-002.ann
    15     81    443 2017/2017_04_15-003.ann
     7     39    226 2017/2017_04_16-001.ann
     8     42    210 2017/2017_04_16-002.ann
     4     22    105 2017/2017_04_16-003.ann
    17     94    515 2017/2017_04_16-004.ann
    10     56    322 2017/2017_04_16-005.ann
    21    113    611 2017/2017_04_16-006.ann
    12     70    404 2017/2017_04_16-007.ann
     4     23    118 2017/2017_04_19-001.ann
     6     34    183 2017/2017_04_19-002.ann
     9     50    266 2017/2017_04_19-003.ann
    19    106    689 2017/2017_04_19-004.ann
    10     58    293 2017/2017_04_19-005.ann
    16     94    506 2017/2017_04_19-006.ann
    16     92    530 2017/2017_04_19-007.ann
    17    101    518 2017/2017_04_20-001.ann
     5     27    146 2017/2017_04_22-001.ann
    53    299   1757 2017/2017_04_22-002.ann
    18    101    582 2017/2017_04_22-003.ann
    19    118    654 2017/2017_04_23-001.ann
    11     58    306 2017/2017_04_24-001.ann
    10     52    268 2017/2017_04_24-002.ann
    24    130    739 2017/2017_04_25-001.ann
     3     18     92 2017/2017_04_26-001.ann
    10     58    335 2017/2017_04_29-001.ann
    19    111    640 2017/2017_04_29-002.ann
    26    147    806 2017/2017_04_30-001.ann
     5     34    145 2017/2017_05_01-001.ann
    11     65    353 2017/2017_05_01-002.ann
    46    243   1427 2017/2017_05_02-001.ann
     9     56    296 2017/2017_05_02-002.ann
    17     93    545 2017/2017_05_03-001.ann
     9     47    222 2017/2017_05_03-002.ann
    11     64    321 2017/2017_05_04-001.ann
    17     99    595 2017/2017_05_04-002.ann
    16     87    490 2017/2017_05_07-001.ann
     7     41    189 2017/2017_05_07-002.ann
    17    107    602 2017/2017_05_07-003.ann
    15     94    492 2017/2017_05_09-001.ann
    23    127    700 2017/2017_05_09-002.ann
    32    176    965 2017/2017_05_11-001.ann
    16     92    513 2017/2017_05_13-001.ann
    43    232   1364 2017/2017_05_14-001.ann
    35    202   1126 2017/2017_05_15-001.ann
    11     57    312 2017/2017_05_16-001.ann
     5     30    144 2017/2017_05_18-001.ann
    10     59    313 2017/2017_05_19-001.ann
    15     84    397 2017/2017_05_23-001.ann
    10     61    325 2017/2017_05_23-002.ann
     8     47    263 2017/2017_05_26-001.ann
     8     45    244 2017/2017_05_27-001.ann
     9     51    254 2017/2017_06_01-001.ann
     7     40    195 2017/2017_06_04-001.ann
     5     30    140 2017/2017_06_04-002.ann
     5     30    137 2017/2017_06_04-003.ann
     5     30    149 2017/2017_06_04-004.ann
    13     76    388 2017/2017_06_04-005.ann
    14     87    460 2017/2017_06_04-006.ann
    19    107    575 2017/2017_06_06-001.ann
    19    104    590 2017/2017_06_07-001.ann
    15     93    502 2017/2017_06_09-001.ann
    41    239   1290 2017/2017_06_12-001.ann
     9     51    267 2017/2017_06_15-001.ann
     7     40    190 2017/2017_06_16-001.ann
     6     35    146 2017/2017_06_16-002.ann
     7     41    214 2017/2017_06_16-003.ann
    41    240   1414 2017/2017_06_18-001.ann
    13     69    417 2017/2017_06_20-001.ann
    14     84    454 2017/2017_06_22-001.ann
    11     57    299 2017/2017_06_26-001.ann
     9     52    263 2017/2017_07_11-001.ann
    13     77    394 2017/2017_07_15-001.ann
     8     51    265 2017/2017_07_19-001.ann
    10     54    271 2017/2017_07_20-001.ann
     6     37    202 2017/2017_07_21-001.ann
    16     92    486 2017/2017_07_24-001.ann
    19    116    611 2017/2017_07_31-001.ann
    89    476   2808 2017/2017_08_05-001.ann
     6     41    225 2017/2017_08_09-001.ann
    11     66    355 2017/2017_08_13-001.ann
    19    108    594 2017/2017_09_09-001.ann
    40    220   1317 2017/2017_09_11-001.ann
    15     88    534 2017/2017_09_12-001.ann
    14     72    331 2017/2017_09_15-001.ann
    33    178   1013 2017/2017_09_16-001.ann
    19    109    614 2017/2017_09_18-001.ann
    19    115    653 2017/2017_09_18-002.ann
    12     69    356 2017/2017_09_19-001.ann
    13     74    371 2017/2017_09_20-001.ann
    10     64    370 2017/2017_09_21-001.ann
    14     84    460 2017/2017_09_21-002.ann
     6     37    187 2017/2017_09_22-001.ann
    24    131    746 2017/2017_09_23-001.ann
     7     44    212 2017/2017_09_24-001.ann
     8     50    270 2017/2017_09_25-001.ann
     5     29    146 2017/2017_09_26-001.ann
    29    156    929 2017/2017_09_26-002.ann
     5     31    154 2017/2017_09_27-001.ann
    49    261   1542 2017/2017_09_28-001.ann
    10     61    342 2017/2017_09_29-001.ann
     8     49    258 2017/2017_10_01-001.ann
    11     65    377 2017/2017_10_01-002.ann
    11     66    334 2017/2017_10_01-003.ann
    16     94    525 2017/2017_10_01-004.ann
     7     44    222 2017/2017_10_03-001.ann
    13     72    413 2017/2017_10_05-001.ann
    26    143    819 2017/2017_10_09-001.ann
    17     94    535 2017/2017_10_11-001.ann
    30    155    909 2017/2017_10_12-001.ann
    14     74    399 2017/2017_10_13-001.ann
     4     22    112 2017/2017_10_15-001.ann
    11     63    364 2017/2017_10_16-001.ann
     6     34    163 2017/2017_10_19-001.ann
    15     78    447 2017/2017_10_19-002.ann
     9     49    273 2017/2017_10_20-001.ann
     5     27    139 2017/2017_10_20-002.ann
     4     22    116 2017/2017_10_20-003.ann
    11     67    364 2017/2017_10_22-001.ann
    17    102    579 2017/2017_10_25-001.ann
     9     54    323 2017/2017_10_27-001.ann
    11     59    349 2017/2017_11_07-001.ann
    14     85    506 2017/2017_11_10-001.ann
     6     32    164 2017/2017_11_11-001.ann
    48    309   1802 2017/2017_11_13-001.ann
    20    105    600 2017/2017_11_13-002.ann
     6     36    186 2017/2017_11_15-001.ann
     7     39    206 2017/2017_11_16-001.ann
     5     28    140 2017/2017_11_21-001.ann
     7     40    190 2017/2017_11_23-001.ann
    10     60    296 2017/2017_11_23-002.ann
    10     58    310 2017/2017_12_12-001.ann
    51    294   1839 2017/2017_12_14-001.ann
    18     95    576 2017/2017_12_19-001.ann
  7183  40683 229756 total
    16     82    488 2018/2018_01_02-001.ann
    17     97    471 2018/2018_01_07-001.ann
     5     28    139 2018/2018_01_13-001.ann
     6     34    170 2018/2018_01_14-001.ann
     7     43    240 2018/2018_01_16-001.ann
    25    136    808 2018/2018_01_18-001.ann
    15     88    451 2018/2018_01_20-001.ann
    11     60    345 2018/2018_01_23-001.ann
    13     68    362 2018/2018_01_24-001.ann
    17    107    571 2018/2018_01_27-001.ann
    12     64    319 2018/2018_01_28-001.ann
     6     33    179 2018/2018_02_02-001.ann
    13     78    413 2018/2018_02_02-002.ann
    21    123    644 2018/2018_02_05-001.ann
     7     44    193 2018/2018_02_06-001.ann
     9     47    275 2018/2018_02_12-001.ann
    12     70    354 2018/2018_02_12-002.ann
     9     52    262 2018/2018_02_15-001.ann
    24    129    741 2018/2018_02_15-002.ann
    10     62    326 2018/2018_02_15-003.ann
    10     62    318 2018/2018_02_17-001.ann
    22    128    798 2018/2018_02_19-001.ann
     9     47    260 2018/2018_02_20-001.ann
    11     67    345 2018/2018_02_20-002.ann
    13     69    376 2018/2018_02_21-001.ann
    12     72    443 2018/2018_02_22-001.ann
    31    182   1091 2018/2018_02_22-002.ann
    21    115    650 2018/2018_02_23-001.ann
    35    205   1259 2018/2018_02_23-002.ann
    11     68    360 2018/2018_02_23-003.ann
     7     39    210 2018/2018_02_24-001.ann
     9     52    286 2018/2018_02_24-002.ann
     7     40    264 2018/2018_02_25-001.ann
    15     93    484 2018/2018_02_25-002.ann
     4     24    119 2018/2018_03_01-001.ann
    55    313   1687 2018/2018_03_02-001.ann
    14     91    434 2018/2018_03_03-001.ann
    13     84    403 2018/2018_03_03-002.ann
    17    101    592 2018/2018_03_03-003.ann
    22    127    697 2018/2018_03_04-001.ann
    18    109    641 2018/2018_03_05-001.ann
    26    135    785 2018/2018_03_06-001.ann
     7     41    201 2018/2018_03_08-001.ann
    17     97    564 2018/2018_03_08-002.ann
    30    162    993 2018/2018_03_08-003.ann
    22    125    687 2018/2018_03_08-004.ann
     6     39    196 2018/2018_03_09-001.ann
     5     33    176 2018/2018_03_09-002.ann
    11     69    320 2018/2018_03_09-003.ann
    15     83    459 2018/2018_03_09-004.ann
    10     60    284 2018/2018_03_09-005.ann
    16     87    473 2018/2018_03_09-006.ann
    21    114    633 2018/2018_03_09-007.ann
    22    117    621 2018/2018_03_09-008.ann
     4     23    106 2018/2018_03_10-001.ann
     3     17     85 2018/2018_03_10-002.ann
     6     36    186 2018/2018_03_10-003.ann
    10     60    307 2018/2018_03_10-004.ann
     9     51    294 2018/2018_03_10-005.ann
     4     24    119 2018/2018_03_10-006.ann
    16     90    483 2018/2018_03_10-007.ann
     5     29    165 2018/2018_03_10-008.ann
    32    176   1007 2018/2018_03_10-009.ann
     7     40    192 2018/2018_03_11-001.ann
     5     27    133 2018/2018_03_11-002.ann
     9     55    280 2018/2018_03_11-003.ann
    13     79    428 2018/2018_03_11-004.ann
     8     52    262 2018/2018_03_11-005.ann
    16     99    492 2018/2018_03_11-006.ann
     6     37    197 2018/2018_03_11-007.ann
     3     17     84 2018/2018_03_12-001.ann
    11     70    348 2018/2018_03_12-002.ann
    13     75    391 2018/2018_03_13-001.ann
     7     37    249 2018/2018_03_13-002.ann
    11     60    363 2018/2018_03_13-003.ann
    14     87    442 2018/2018_03_14-001.ann
     6     34    178 2018/2018_03_14-002.ann
     7     37    248 2018/2018_03_14-003.ann
     7     44    202 2018/2018_03_15-001.ann
     7     38    184 2018/2018_03_15-002.ann
    10     54    287 2018/2018_03_16-001.ann
    11     62    335 2018/2018_03_16-002.ann
     6     35    176 2018/2018_03_17-001.ann
    15     93    497 2018/2018_03_17-002.ann
     5     32    176 2018/2018_03_17-003.ann
    12     62    334 2018/2018_03_17-004.ann
     4     24    114 2018/2018_03_17-005.ann
    17     93    531 2018/2018_03_17-006.ann
     3     17     79 2018/2018_03_17-007.ann
    10     66    362 2018/2018_03_20-001.ann
    12     68    377 2018/2018_03_21-001.ann
    11     65    294 2018/2018_03_22-001.ann
    20    112    635 2018/2018_03_23-001.ann
    19    107    578 2018/2018_03_24-001.ann
    20    116    662 2018/2018_03_25-001.ann
     9     48    275 2018/2018_03_29-001.ann
    14     81    405 2018/2018_03_30-001.ann
    22    129    742 2018/2018_04_01-001.ann
    16     88    535 2018/2018_04_02-001.ann
    10     60    370 2018/2018_04_04-001.ann
    20    117    594 2018/2018_04_04-002.ann
    25    136    728 2018/2018_04_05-001.ann
    11     62    342 2018/2018_04_07-001.ann
     6     35    190 2018/2018_04_12-001.ann
    14     77    399 2018/2018_04_16-001.ann
    10     59    286 2018/2018_04_17-001.ann
    11     63    307 2018/2018_04_17-002.ann
    16     88    484 2018/2018_04_17-003.ann
    11     63    318 2018/2018_04_18-001.ann
     8     46    238 2018/2018_04_18-002.ann
     7     46    223 2018/2018_04_21-001.ann
    12     75    431 2018/2018_04_30-001.ann
    10     56    274 2018/2018_05_06-001.ann
    47    257   1523 2018/2018_05_13-001.ann
    25    135    792 2018/2018_05_22-001.ann
    15     86    472 2018/2018_05_24-001.ann
    30    164   1002 2018/2018_05_26-001.ann
    46    271   1469 2018/2018_06_01-001.ann
     7     43    206 2018/2018_06_04-001.ann
    11     57    280 2018/2018_06_07-001.ann
     8     44    209 2018/2018_06_21-001.ann
    32    181   1011 2018/2018_06_23-001.ann
    26    151    935 2018/2018_06_23-002.ann
     8     45    220 2018/2018_06_24-001.ann
    29    170   1042 2018/2018_06_24-002.ann
    15     85    464 2018/2018_06_24-003.ann
    27    153    889 2018/2018_06_25-001.ann
    21    130    745 2018/2018_06_29-001.ann
    32    183    984 2018/2018_07_04-001.ann
     9     51    270 2018/2018_07_08-001.ann
    18     93    502 2018/2018_07_08-002.ann
    15     94    482 2018/2018_07_19-001.ann
    28    169    923 2018/2018_07_19-002.ann
     8     42    211 2018/2018_07_21-001.ann
    28    166    952 2018/2018_07_21-002.ann
    14     82    448 2018/2018_07_22-001.ann
     5     28    130 2018/2018_07_22-002.ann
     7     38    196 2018/2018_07_24-001.ann
    34    204   1252 2018/2018_07_30-001.ann
    30    171    969 2018/2018_08_09-001.ann
    17     94    557 2018/2018_08_09-002.ann
     8     51    291 2018/2018_08_11-001.ann
    63    352   2057 2018/2018_08_27-001.ann
     7     44    248 2018/2018_08_28-001.ann
    23    141    758 2018/2018_09_08-001.ann
     9     55    279 2018/2018_09_10-001.ann
    19    121    668 2018/2018_09_15-001.ann
    24    152    827 2018/2018_09_16-001.ann
    21    129    689 2018/2018_09_16-002.ann
    11     61    328 2018/2018_09_17-001.ann
     7     41    228 2018/2018_09_22-001.ann
    22    134    750 2018/2018_09_22-002.ann
    21    130    713 2018/2018_09_22-003.ann
    22    141    793 2018/2018_09_30-001.ann
    19    116    641 2018/2018_10_01-001.ann
    17    114    634 2018/2018_10_06-001.ann
    21    126    698 2018/2018_10_07-001.ann
     8     42    243 2018/2018_10_09-001.ann
    12     78    407 2018/2018_10_13-001.ann
    17    109    570 2018/2018_10_13-002.ann
    23    133    761 2018/2018_10_18-001.ann
    19    112    601 2018/2018_10_21-001.ann
    20    118    639 2018/2018_10_21-002.ann
    22    129    761 2018/2018_10_22-001.ann
    21    126    680 2018/2018_10_22-002.ann
    18    102    575 2018/2018_10_27-001.ann
    22    132    718 2018/2018_10_28-001.ann
    31    180   1068 2018/2018_10_29-001.ann
     9     51    265 2018/2018_11_10-001.ann
    19    110    582 2018/2018_11_10-002.ann
    22    132    688 2018/2018_11_10-003.ann
    14     79    417 2018/2018_11_14-001.ann
    13     72    418 2018/2018_11_17-001.ann
    22    131    685 2018/2018_11_17-002.ann
    20    109    668 2018/2018_11_19-001.ann
    27    145    844 2018/2018_11_19-002.ann
    26    160    866 2018/2018_11_25-001.ann
    13     82    426 2018/2018_11_26-001.ann
    17    102    500 2018/2018_11_29-001.ann
    20    125    702 2018/2018_11_29-002.ann
    23    134    782 2018/2018_11_30-001.ann
   210   1174   7136 2018/2018_12_01-001.ann
    43    239   1484 2018/2018_12_01-002.ann
    19    121    706 2018/2018_12_01-003.ann
    18    106    599 2018/2018_12_01-004.ann
   124    684   4089 2018/2018_12_02-001.ann
    16     96    519 2018/2018_12_02-002.ann
   148    798   4974 2018/2018_12_03-001.ann
    18    113    618 2018/2018_12_03-002.ann
   145    798   4752 2018/2018_12_04-001.ann
   182    975   6133 2018/2018_12_05-001.ann
   162    881   5209 2018/2018_12_06-001.ann
   255   1392   8636 2018/2018_12_07-001.ann
   619   3426  22134 2018/2018_12_08-001.ann
    27    161    889 2018/2018_12_08-002.ann
    81    438   2584 2018/2018_12_09-001.ann
    24    143    772 2018/2018_12_09-002.ann
    23    136    720 2018/2018_12_09-003.ann
    86    463   2783 2018/2018_12_10-001.ann
   103    553   3434 2018/2018_12_11-001.ann
    68    374   2161 2018/2018_12_12-001.ann
   114    622   3701 2018/2018_12_13-001.ann
    13     70    376 2018/2018_12_13-002.ann
    14     77    436 2018/2018_12_13-003.ann
    85    457   2596 2018/2018_12_14-001.ann
   352   1909  12094 2018/2018_12_15-001.ann
    20    121    695 2018/2018_12_15-002.ann
    16    106    606 2018/2018_12_15-003.ann
    67    366   2039 2018/2018_12_16-001.ann
    75    431   2675 2018/2018_12_17-001.ann
   150    809   4993 2018/2018_12_18-001.ann
   124    674   3961 2018/2018_12_19-001.ann
   109    608   3647 2018/2018_12_20-001.ann
    20    120    656 2018/2018_12_21-001.ann
   120    680   4238 2018/2018_12_21-002.ann
   342   1856  11948 2018/2018_12_22-001.ann
    23    138    751 2018/2018_12_22-002.ann
   128    718   4334 2018/2018_12_23-001.ann
   164    897   5517 2018/2018_12_24-001.ann
    23    141    738 2018/2018_12_24-002.ann
    21    124    678 2018/2018_12_24-003.ann
    50    291   1743 2018/2018_12_25-001.ann
    63    354   2169 2018/2018_12_26-001.ann
    74    416   2487 2018/2018_12_27-001.ann
    60    319   1893 2018/2018_12_28-001.ann
    50    278   1675 2018/2018_12_30-001.ann
    88    493   3035 2018/2018_12_31-001.ann
  7565  42558 250479 total
